0 135 33 84 65 144 114 97 68 77 
135 0 147 131 70 149 85 102 77 86 
33 147 0 117 98 125 81 64 70 79 
84 131 117 0 149 200 156 139 54 63 
65 70 98 149 0 79 69 52 133 128 
144 149 125 200 79 0 78 61 146 137 
114 85 81 156 69 78 0 17 102 93 
97 102 64 139 52 61 17 0 85 76 
68 77 70 54 133 146 102 85 0 9 
77 86 79 63 128 137 93 76 9 0 
