0 35 17 11 14 1 10 26 18 12 
35 0 52 46 49 36 45 61 53 47 
17 52 0 8 11 18 7 9 15 9 
11 46 8 0 3 12 1 17 7 3 
14 49 11 3 0 15 4 20 4 6 
1 36 18 12 15 0 11 27 19 13 
10 45 7 1 4 11 0 16 8 2 
26 61 9 17 20 27 16 0 24 18 
18 53 15 7 4 19 8 24 0 10 
12 47 9 3 6 13 2 18 10 0 
