0 35 INF 56 96 23 168 2 16 
35 0 INF 79 119 46 191 37 19 
INF INF 0 INF INF INF INF INF INF 
56 79 INF 0 40 33 112 58 72 
96 119 INF 40 0 73 72 98 112 
23 46 INF 33 73 0 145 25 39 
168 191 INF 112 72 145 0 170 184 
2 37 INF 58 98 25 170 0 18 
16 19 INF 72 112 39 184 18 0 
