0 11 40 9 55 17 32 
11 0 29 2 44 10 21 
40 29 0 31 31 39 8 
9 2 31 0 46 8 23 
55 44 31 46 0 54 23 
17 10 39 8 54 0 31 
32 21 8 23 23 31 0 
